現代漢語詞頻統計排序 Word frequency ranking From 1 to 300
No 	Rank 	Word 	Frequency 	Percent 	Cumulation
1 	1 	的(DE) 	284589 	5.829 	5.829
2 	2 	是(SHI) 	83666 	1.714 	7.542
3 	3 	一(Neu) 	58117 	1.190 	8.732
4 	4 	在(P) 	56424 	1.156 	9.888
5 	5 	有(V_2) 	45436 	0.931 	10.819
6 	6 	個(Nf) 	40974 	0.839 	11.658
7 	7 	我(Nh) 	40312 	0.826 	12.483
8 	8 	不(D) 	38872 	0.796 	13.279
9 	9 	了(Di) 	36062 	0.739 	14.018
10 	10 	這(Nep) 	33592 	0.688 	14.706
11 	11 	他(Nh) 	29938 	0.613 	15.319
12 	12 	也(D) 	29520 	0.605 	15.924
13 	13 	就(D) 	29154 	0.597 	16.521
14 	14 	人(Na) 	24159 	0.495 	17.016
15 	15 	都(D) 	20329 	0.416 	17.432
16 	16 	說(VE) 	19332 	0.396 	17.828
17 	17 	而(Cbb) 	18336 	0.376 	18.203
18 	18 	我們(Nh) 	18148 	0.372 	18.575
19 	19 	你(Nh) 	17291 	0.354 	18.929
20 	20 	要(D) 	15891 	0.325 	19.255
21 	21 	之(DE) 	15796 	0.324 	19.578
22 	22 	會(D) 	14003 	0.287 	19.865
23 	23 	對(P) 	13877 	0.284 	20.149
24 	24 	及(Caa) 	13655 	0.280 	20.429
25 	25 	和(Caa) 	13488 	0.276 	20.705
26 	26 	與(Caa) 	13386 	0.274 	20.979
27 	27 	以(P) 	13054 	0.267 	21.247
28 	28 	很(Dfa) 	12988 	0.266 	21.513
29 	29 	種(Nf) 	12229 	0.250 	21.763
30 	30 	中(Ng) 	12162 	0.249 	22.012
31 	31 	的(T) 	11556 	0.237 	22.249
32 	32 	了(T) 	11499 	0.236 	22.484
33 	33 	大(VH) 	11486 	0.235 	22.720
34 	34 	能(D) 	11073 	0.227 	22.946
35 	35 	著(Di) 	11016 	0.226 	23.172
36 	36 	她(Nh) 	10755 	0.220 	23.392
37 	37 	那(Nep) 	10727 	0.220 	23.612
38 	38 	上(Ncd) 	10576 	0.217 	23.829
39 	39 	但(Cbb) 	10175 	0.208 	24.037
40 	40 	年(Nf) 	10054 	0.206 	24.243
41 	41 	還(D) 	9679 	0.198 	24.441
42 	42 	可以(D) 	9641 	0.197 	24.639
43 	43 	時(Ng) 	9496 	0.194 	24.833
44 	44 	最(Dfa) 	9380 	0.192 	25.025
45 	45 	自己(Nh) 	9059 	0.186 	25.211
46 	46 	來(D) 	8952 	0.183 	25.394
47 	47 	為(P) 	8951 	0.183 	25.577
48 	48 	所(D) 	8864 	0.182 	25.759
49 	49 	他們(Nh) 	8803 	0.180 	25.939
50 	50 	兩(Neu) 	8645 	0.177 	26.116
51 	51 	各(Nes) 	8590 	0.176 	26.292
52 	52 	上(Ng) 	8560 	0.175 	26.468
53 	53 	可(D) 	8469 	0.173 	26.641
54 	54 	為(VG) 	8286 	0.170 	26.811
55 	55 	或(Caa) 	8273 	0.169 	26.980
56 	56 	好(VH) 	8089 	0.166 	27.146
57 	57 	又(D) 	8013 	0.164 	27.310
58 	58 	等(Cab) 	7985 	0.164 	27.473
59 	59 	後(Ng) 	7761 	0.159 	27.632
60 	60 	將(D) 	7585 	0.155 	27.788
61 	61 	因為(Cbb) 	7577 	0.155 	27.943
62 	62 	於(P) 	7354 	0.151 	28.094
63 	63 	由(P) 	7283 	0.149 	28.243
64 	64 	從(P) 	7281 	0.149 	28.392
65 	65 	更(D) 	7270 	0.149 	28.541
66 	66 	被(P) 	7224 	0.148 	28.689
67 	67 	才(Da) 	7222 	0.148 	28.837
68 	68 	已(D) 	7180 	0.147 	28.984
69 	69 	每(Nes) 	7179 	0.147 	29.131
70 	70 	者(Na) 	7135 	0.146 	29.277
71 	71 	次(Nf) 	7057 	0.145 	29.421
72 	72 	把(P) 	7010 	0.144 	29.565
73 	73 	三(Neu) 	6846 	0.140 	29.705
74 	74 	什麼(Nep) 	6720 	0.138 	29.843
75 	75 	問題(Na) 	6661 	0.136 	29.979
76 	76 	其(Nep) 	6641 	0.136 	30.115
77 	77 	讓(VL) 	6595 	0.135 	30.250
78 	78 	此(Nep) 	6580 	0.135 	30.385
79 	79 	所以(Cbb) 	6515 	0.133 	30.518
80 	80 	與(P) 	6503 	0.133 	30.652
81 	81 	沒有(VJ) 	6492 	0.133 	30.785
82 	82 	只(Da) 	6491 	0.133 	30.918
83 	83 	再(D) 	6489 	0.133 	31.050
84 	84 	做(VC) 	6483 	0.133 	31.183
85 	85 	則(D) 	6400 	0.131 	31.314
86 	86 	卻(D) 	6366 	0.130 	31.445
87 	86 	台灣(Nc) 	6366 	0.130 	31.575
88 	88 	地(DE) 	6323 	0.129 	31.705
89 	89 	並(Cbb) 	6117 	0.125 	31.830
90 	90 	位(Nf) 	5983 	0.123 	31.952
91 	91 	得(DE) 	5976 	0.122 	32.075
92 	92 	去(D) 	5741 	0.118 	32.192
93 	93 	想(VE) 	5706 	0.117 	32.309
94 	94 	呢(T) 	5575 	0.114 	32.423
95 	95 	將(P) 	5545 	0.114 	32.537
96 	96 	學生(Na) 	5468 	0.112 	32.649
97 	97 	到(P) 	5437 	0.111 	32.760
98 	98 	公司(Nc) 	5397 	0.111 	32.871
99 	99 	表示(VE) 	5386 	0.110 	32.981
100 	100 	如果(Cbb) 	5323 	0.109 	33.090
101 	101 	社會(Na) 	5261 	0.108 	33.198
102 	102 	看(VC) 	5067 	0.104 	33.302
103 	103 	小(VH) 	5038 	0.103 	33.405
104 	104 	天(Nf) 	5008 	0.103 	33.507
105 	105 	它(Nh) 	4963 	0.102 	33.609
106 	106 	但是(Cbb) 	4956 	0.102 	33.711
107 	107 	新(VH) 	4954 	0.101 	33.812
108 	108 	因此(Cbb) 	4944 	0.101 	33.913
109 	109 	目前(Nd) 	4809 	0.098 	34.012
110 	110 	中(Ncd) 	4800 	0.098 	34.110
111 	111 	使(VL) 	4636 	0.095 	34.205
112 	112 	工作(Na) 	4604 	0.094 	34.299
113 	113 	全(Neqa) 	4526 	0.093 	34.392
114 	114 	覺得(VK) 	4437 	0.091 	34.483
115 	115 	這些(Neqa) 	4374 	0.090 	34.572
116 	116 	裡(Ncd) 	4284 	0.088 	34.660
117 	117 	現在(Nd) 	4224 	0.087 	34.747
118 	117 	並(D) 	4224 	0.087 	34.833
119 	119 	時候(Na) 	4173 	0.085 	34.919
120 	120 	知道(VK) 	4153 	0.085 	35.004
121 	121 	由於(Cbb) 	4148 	0.085 	35.089
122 	122 	這樣(VH) 	4128 	0.085 	35.173
123 	123 	一(D) 	4071 	0.083 	35.257
124 	124 	認為(VE) 	4052 	0.083 	35.340
125 	125 	時間(Na) 	4021 	0.082 	35.422
126 	126 	事(Na) 	3973 	0.081 	35.503
127 	127 	過(Di) 	3938 	0.081 	35.584
128 	128 	可能(D) 	3916 	0.080 	35.664
129 	129 	向(P) 	3906 	0.080 	35.744
130 	130 	中國(Nc) 	3888 	0.080 	35.824
131 	131 	第一(Neu) 	3834 	0.079 	35.902
132 	132 	美國(Nc) 	3806 	0.078 	35.980
133 	133 	和(P) 	3718 	0.076 	36.056
134 	134 	到(VCL) 	3712 	0.076 	36.132
135 	135 	幾(Neu) 	3709 	0.076 	36.208
136 	136 	研究(Nv) 	3693 	0.076 	36.284
137 	137 	系統(Na) 	3600 	0.074 	36.358
138 	138 	政府(Na) 	3598 	0.074 	36.432
139 	139 	使用(VC) 	3572 	0.073 	36.505
140 	140 	大家(Nh) 	3556 	0.073 	36.577
141 	141 	國家(Na) 	3541 	0.073 	36.650
142 	142 	許多(Neqa) 	3537 	0.072 	36.722
143 	143 	跟(P) 	3535 	0.072 	36.795
144 	144 	生活(Na) 	3533 	0.072 	36.867
145 	145 	已經(D) 	3493 	0.072 	36.939
146 	146 	大學(Nc) 	3492 	0.072 	37.010
147 	147 	因(Cbb) 	3452 	0.071 	37.081
148 	148 	本(Nes) 	3434 	0.070 	37.151
149 	149 	活動(Na) 	3406 	0.070 	37.221
150 	150 	二(Neu) 	3371 	0.069 	37.290
151 	151 	世界(Nc) 	3356 	0.069 	37.359
152 	152 	希望(VK) 	3342 	0.068 	37.427
153 	153 	該(Nes) 	3329 	0.068 	37.495
154 	154 	方式(Na) 	3328 	0.068 	37.564
155 	155 	應(D) 	3324 	0.068 	37.632
156 	155 	內(Ncd) 	3324 	0.068 	37.700
157 	157 	啊(T) 	3319 	0.068 	37.768
158 	158 	四(Neu) 	3308 	0.068 	37.835
159 	159 	項(Nf) 	3298 	0.068 	37.903
160 	160 	下(Ng) 	3281 	0.067 	37.970
161 	161 	環境(Na) 	3261 	0.067 	38.037
162 	162 	一些(Neqa) 	3245 	0.066 	38.103
163 	163 	必須(D) 	3210 	0.066 	38.169
164 	164 	孩子(Na) 	3193 	0.065 	38.235
165 	165 	沒有(D) 	3191 	0.065 	38.300
166 	166 	高(VH) 	3161 	0.065 	38.365
167 	167 	不能(D) 	3138 	0.064 	38.429
168 	168 	如(P) 	3128 	0.064 	38.493
169 	169 	文化(Na) 	3097 	0.063 	38.556
170 	170 	網路(Na) 	3079 	0.063 	38.620
171 	171 	不同(VH) 	3077 	0.063 	38.683
172 	172 	仍(D) 	3074 	0.063 	38.746
173 	173 	元(Nf) 	3070 	0.063 	38.808
174 	174 	日本(Nc) 	3046 	0.062 	38.871
175 	175 	用(P) 	3040 	0.062 	38.933
176 	176 	對(VH) 	3036 	0.062 	38.995
177 	177 	中心(Nc) 	3011 	0.062 	39.057
178 	178 	雖然(Cbb) 	2998 	0.061 	39.118
179 	179 	來(VA) 	2980 	0.061 	39.179
180 	180 	地方(Na) 	2974 	0.061 	39.240
181 	181 	關係(Na) 	2946 	0.060 	39.301
182 	182 	市場(Nc) 	2931 	0.060 	39.361
183 	183 	前(Ng) 	2917 	0.060 	39.420
184 	184 	重要(VH) 	2902 	0.059 	39.480
185 	185 	太(Dfa) 	2885 	0.059 	39.539
186 	186 	進行(VC) 	2876 	0.059 	39.598
187 	187 	老師(Na) 	2859 	0.059 	39.656
188 	188 	學校(Nc) 	2843 	0.058 	39.715
189 	189 	應該(D) 	2823 	0.058 	39.772
190 	190 	提供(VD) 	2817 	0.058 	39.830
191 	191 	其他(Neqa) 	2812 	0.058 	39.888
192 	192 	經濟(Na) 	2794 	0.057 	39.945
193 	193 	家(Nc) 	2793 	0.057 	40.002
194 	194 	指出(VE) 	2784 	0.057 	40.059
195 	195 	成為(VG) 	2759 	0.057 	40.116
196 	196 	教育(Na) 	2749 	0.056 	40.172
197 	197 	非常(Dfa) 	2725 	0.056 	40.228
198 	198 	便(D) 	2714 	0.056 	40.283
199 	199 	裡(Ng) 	2702 	0.055 	40.339
200 	200 	多(VH) 	2649 	0.054 	40.393
201 	201 	方面(Na) 	2638 	0.054 	40.447
202 	202 	很多(Neqa) 	2637 	0.054 	40.501
203 	203 	然後(D) 	2631 	0.054 	40.555
204 	204 	同時(Nd) 	2617 	0.054 	40.608
205 	205 	一樣(VH) 	2615 	0.054 	40.662
206 	206 	電腦(Na) 	2608 	0.053 	40.715
207 	207 	而且(Cbb) 	2604 	0.053 	40.769
208 	208 	未(D) 	2602 	0.053 	40.822
209 	209 	發現(VE) 	2595 	0.053 	40.875
210 	210 	不過(Cbb) 	2582 	0.053 	40.928
211 	211 	企業(Na) 	2579 	0.053 	40.981
212 	212 	無法(D) 	2576 	0.053 	41.034
213 	213 	心(Na) 	2572 	0.053 	41.086
214 	214 	臺灣(Nc) 	2570 	0.053 	41.139
215 	215 	不會(D) 	2563 	0.052 	41.191
216 	216 	正(D) 	2561 	0.052 	41.244
217 	217 	較(Dfa) 	2556 	0.052 	41.296
218 	218 	嗎(T) 	2553 	0.052 	41.348
219 	219 	空間(Na) 	2544 	0.052 	41.401
220 	220 	看到(VE) 	2543 	0.052 	41.453
221 	221 	曾(D) 	2540 	0.052 	41.505
222 	222 	如何(D) 	2532 	0.052 	41.557
223 	223 	今天(Nd) 	2528 	0.052 	41.608
224 	224 	國內(Nc) 	2517 	0.052 	41.660
225 	225 	對於(P) 	2501 	0.051 	41.711
226 	226 	們(Na) 	2500 	0.051 	41.762
227 	227 	以及(Caa) 	2498 	0.051 	41.813
228 	228 	無(VJ) 	2486 	0.051 	41.864
229 	229 	可是(Cbb) 	2485 	0.051 	41.915
230 	230 	當(P) 	2482 	0.051 	41.966
231 	231 	吃(VC) 	2481 	0.051 	42.017
232 	232 	之後(Ng) 	2479 	0.051 	42.068
233 	233 	五(Neu) 	2463 	0.050 	42.118
234 	234 	人員(Na) 	2460 	0.050 	42.169
235 	235 	先(D) 	2459 	0.050 	42.219
236 	236 	產品(Na) 	2455 	0.050 	42.269
237 	237 	資料(Na) 	2435 	0.050 	42.319
238 	238 	先生(Na) 	2422 	0.050 	42.369
239 	239 	資訊(Na) 	2421 	0.050 	42.418
240 	239 	比較(Dfa) 	2421 	0.050 	42.468
241 	241 	比(P) 	2419 	0.050 	42.517
242 	242 	地(Na) 	2405 	0.049 	42.567
243 	243 	除了(P) 	2393 	0.049 	42.616
244 	244 	未來(Nd) 	2350 	0.048 	42.664
245 	245 	像(P) 	2340 	0.048 	42.712
246 	245 	在(D) 	2340 	0.048 	42.760
247 	247 	需要(VK) 	2336 	0.048 	42.807
248 	248 	大陸(Nc) 	2335 	0.048 	42.855
249 	249 	給(VD) 	2329 	0.048 	42.903
250 	250 	歲(Nf) 	2323 	0.048 	42.951
251 	250 	開始(VL) 	2323 	0.048 	42.998
252 	252 	請(VF) 	2272 	0.047 	43.045
253 	253 	月(Na) 	2261 	0.046 	43.091
254 	254 	第二(Neu) 	2256 	0.046 	43.137
255 	255 	另(Nes) 	2248 	0.046 	43.183
256 	256 	名(Nf) 	2243 	0.046 	43.229
257 	257 	若(Cbb) 	2219 	0.045 	43.275
258 	258 	亦(D) 	2167 	0.044 	43.319
259 	259 	技術(Na) 	2163 	0.044 	43.363
260 	260 	地區(Nc) 	2161 	0.044 	43.408
261 	261 	不要(D) 	2149 	0.044 	43.452
262 	262 	其實(D) 	2146 	0.044 	43.495
263 	263 	特別(VH) 	2140 	0.044 	43.539
264 	264 	國際(Nc) 	2132 	0.044 	43.583
265 	265 	一定(D) 	2129 	0.044 	43.627
266 	266 	些(Nf) 	2117 	0.043 	43.670
267 	267 	其中(Nep) 	2112 	0.043 	43.713
268 	268 	至(P) 	2104 	0.043 	43.756
269 	269 	問(VE) 	2092 	0.043 	43.799
270 	270 	包括(VK) 	2074 	0.042 	43.842
271 	271 	參加(VC) 	2072 	0.042 	43.884
272 	272 	講(VE) 	2055 	0.042 	43.926
273 	273 	台北(Nc) 	2045 	0.042 	43.968
274 	274 	造成(VG) 	2038 	0.042 	44.010
275 	275 	發生(VJ) 	2022 	0.041 	44.051
276 	276 	像(VG) 	2019 	0.041 	44.093
277 	277 	常(D) 	2013 	0.041 	44.134
278 	278 	即(D) 	1995 	0.041 	44.175
279 	279 	喜歡(VK) 	1981 	0.041 	44.215
280 	280 	去(VCL) 	1971 	0.040 	44.256
281 	281 	沒(D) 	1965 	0.040 	44.296
282 	282 	今年(Nd) 	1960 	0.040 	44.336
283 	283 	多(Neqa) 	1955 	0.040 	44.376
284 	284 	一直(D) 	1949 	0.040 	44.416
285 	285 	吧(T) 	1948 	0.040 	44.456
286 	286 	最後(Nd) 	1940 	0.040 	44.496
287 	287 	是否(D) 	1933 	0.040 	44.535
288 	288 	當然(D) 	1932 	0.040 	44.575
289 	289 	單位(Na) 	1925 	0.039 	44.614
290 	290 	話(Na) 	1915 	0.039 	44.653
291 	291 	昨天(Nd) 	1910 	0.039 	44.692
292 	292 	走(VA) 	1909 	0.039 	44.732
293 	293 	歷史(Na) 	1904 	0.039 	44.771
294 	294 	整(Neqa) 	1883 	0.039 	44.809
295 	295 	出現(VH) 	1868 	0.038 	44.847
296 	296 	那(Dk) 	1866 	0.038 	44.886
297 	297 	怎麼(D) 	1858 	0.038 	44.924
298 	298 	機會(Na) 	1846 	0.038 	44.961
299 	299 	家(Nf) 	1835 	0.038 	44.999
300 	300 	服務(Nv) 	1832 	0.038 	45.037
